%vectore fila
x=[1 3 9 17 -4 pi inf -4 sqrt(10)]

x =

    1.0000    3.0000    9.0000   17.0000   -4.0000    3.1416       Inf   -4.0000    3.1623

y=x´
??? y=x´
       |
{Error: The input character is not valid in MATLAB statements or expressions.
} 
y=x'

y =

    1.0000
    3.0000
    9.0000
   17.0000
   -4.0000
    3.1416
       Inf
   -4.0000
    3.1623

x1=:15
??? x1=:15
       |
{Error: Unexpected MATLAB operator.
} 
x1=1:15

x1 =

     1     2     3     4     5     6     7     8     9    10    11    12    13    14    15

x2=-20:s:10 %-20(inicio), 10(final), 2 espaciaminto
{??? Undefined function or variable 's'.
} 
x2=-20:2:10 %-20(inicio), 10(final), 2 espaciaminto

x2 =

   -20   -18   -16   -14   -12   -10    -8    -6    -4    -2     0     2     4     6     8    10

x3=-4:0.5:2.7

x3 =

  Columns 1 through 13

   -4.0000   -3.5000   -3.0000   -2.5000   -2.0000   -1.5000   -1.0000   -0.5000         0    0.5000    1.0000    1.5000    2.0000

  Column 14

    2.5000

x3(2) %posición dos tiene un valor de -3.5

ans =

   -3.5000

x4=pi:pi/6:2*pi

x4 =

    3.1416    3.6652    4.1888    4.7124    5.2360    5.7596    6.2832

y1=length(x4)

y1 =

     7

x5=linspace(pi,2*pi,6)

x5 =

    3.1416    3.7699    4.3982    5.0265    5.6549    6.2832

%pi es el inicio, 2*pi es el final, 6 es el número de elementos
format long
x4

x4 =

  Columns 1 through 6

   3.141592653589793   3.665191429188092   4.188790204786391   4.712388980384690   5.235987755982989   5.759586531581287

  Column 7

   6.283185307179586

x6=lingspace(pi,2*pi,7)
{??? Undefined function or method 'lingspace' for input arguments of type 'double'.
} 
w6=linspace(pi,2*pi,7)

w6 =

  Columns 1 through 6

   3.141592653589793   3.665191429188092   4.188790204786391   4.712388980384690   5.235987755982988   5.759586531581288

  Column 7

   6.283185307179586

format
a1=linspace(o,1,10)
{??? Undefined function or variable 'o'.
} 
a1=linspace(0,1,10)

a1 =

         0    0.1111    0.2222    0.3333    0.4444    0.5556    0.6667    0.7778    0.8889    1.0000

a2=linspace(o,pi) %100 elementos
{??? Undefined function or variable 'o'.
} 
a2=linspace(0,pi) %100 elemntos

a2 =

  Columns 1 through 13

         0    0.0317    0.0635    0.0952    0.1269    0.1587    0.1904    0.2221    0.2539    0.2856    0.3173    0.3491    0.3808

  Columns 14 through 26

    0.4125    0.4443    0.4760    0.5077    0.5395    0.5712    0.6029    0.6347    0.6664    0.6981    0.7299    0.7616    0.7933

  Columns 27 through 39

    0.8251    0.8568    0.8885    0.9203    0.9520    0.9837    1.0155    1.0472    1.0789    1.1107    1.1424    1.1741    1.2059

  Columns 40 through 52

    1.2376    1.2693    1.3011    1.3328    1.3645    1.3963    1.4280    1.4597    1.4915    1.5232    1.5549    1.5867    1.6184

  Columns 53 through 65

    1.6501    1.6819    1.7136    1.7453    1.7771    1.8088    1.8405    1.8723    1.9040    1.9357    1.9675    1.9992    2.0309

  Columns 66 through 78

    2.0627    2.0944    2.1261    2.1579    2.1896    2.2213    2.2531    2.2848    2.3165    2.3483    2.3800    2.4117    2.4435

  Columns 79 through 91

    2.4752    2.5069    2.5387    2.5704    2.6021    2.6339    2.6656    2.6973    2.7291    2.7608    2.7925    2.8243    2.8560

  Columns 92 through 100

    2.8877    2.9195    2.9512    2.9829    3.0147    3.0464    3.0781    3.1099    3.1416

a3=[9;11;17;19] %vector columna

a3 =

     9
    11
    17
    19

a=4,b=3

a =

     4


b =

     3

E4=[a,b+c,b^3,sqrt(a+b),16+a]
{??? Undefined function or variable 'c'.
} 
E4=[a,b+a,b^3,sqrt(a+b),16+a]

E4 =

    4.0000    7.0000   27.0000    2.6458   20.0000

E4=(12) %exede las dimensiones de la matriz

E4 =

    12

E=4(12)=7+a
??? E=4(12)=7+a
       |
{Error: Unbalanced or unexpected parenthesis or bracket.
} 
E4(12)=7+a

E4 =

    12     0     0     0     0     0     0     0     0     0     0    11


whos
  Name      Size             Bytes  Class     Attributes

  E4        1x12                96  double              
  a         1x1                  8  double              
  a1        1x10                80  double              
  a2        1x100              800  double              
  a3        4x1                 32  double              
  ans       1x1                  8  double              
  b         1x1                  8  double              
  w6        1x7                 56  double              
  x         1x9                 72  double              
  x1        1x15               120  double              
  x2        1x16               128  double              
  x3        1x14               112  double              
  x4        1x7                 56  double              
  x5        1x6                 48  double              
  y         9x1                 72  double              
  y1        1x1                  8  double              

clear a
clear all
a2=linspace(0,pi);
a2(1:10)=[]

a2 =

  Columns 1 through 13

    0.3173    0.3491    0.3808    0.4125    0.4443    0.4760    0.5077    0.5395    0.5712    0.6029    0.6347    0.6664    0.6981

  Columns 14 through 26

    0.7299    0.7616    0.7933    0.8251    0.8568    0.8885    0.9203    0.9520    0.9837    1.0155    1.0472    1.0789    1.1107

  Columns 27 through 39

    1.1424    1.1741    1.2059    1.2376    1.2693    1.3011    1.3328    1.3645    1.3963    1.4280    1.4597    1.4915    1.5232

  Columns 40 through 52

    1.5549    1.5867    1.6184    1.6501    1.6819    1.7136    1.7453    1.7771    1.8088    1.8405    1.8723    1.9040    1.9357

  Columns 53 through 65

    1.9675    1.9992    2.0309    2.0627    2.0944    2.1261    2.1579    2.1896    2.2213    2.2531    2.2848    2.3165    2.3483

  Columns 66 through 78

    2.3800    2.4117    2.4435    2.4752    2.5069    2.5387    2.5704    2.6021    2.6339    2.6656    2.6973    2.7291    2.7608

  Columns 79 through 90

    2.7925    2.8243    2.8560    2.8877    2.9195    2.9512    2.9829    3.0147    3.0464    3.0781    3.1099    3.1416

%borra los elementos de a2
length(a2)

ans =

    90

a2(2:2:20)=[]

a2 =

  Columns 1 through 13

    0.3173    0.3808    0.4443    0.5077    0.5712    0.6347    0.6981    0.7616    0.8251    0.8885    0.9520    0.9837    1.0155

  Columns 14 through 26

    1.0472    1.0789    1.1107    1.1424    1.1741    1.2059    1.2376    1.2693    1.3011    1.3328    1.3645    1.3963    1.4280

  Columns 27 through 39

    1.4597    1.4915    1.5232    1.5549    1.5867    1.6184    1.6501    1.6819    1.7136    1.7453    1.7771    1.8088    1.8405

  Columns 40 through 52

    1.8723    1.9040    1.9357    1.9675    1.9992    2.0309    2.0627    2.0944    2.1261    2.1579    2.1896    2.2213    2.2531

  Columns 53 through 65

    2.2848    2.3165    2.3483    2.3800    2.4117    2.4435    2.4752    2.5069    2.5387    2.5704    2.6021    2.6339    2.6656

  Columns 66 through 78

    2.6973    2.7291    2.7608    2.7925    2.8243    2.8560    2.8877    2.9195    2.9512    2.9829    3.0147    3.0464    3.0781

  Columns 79 through 80

    3.1099    3.1416

b2=a2(50:2:end)

b2 =

  Columns 1 through 13

    2.1896    2.2531    2.3165    2.3800    2.4435    2.5069    2.5704    2.6339    2.6973    2.7608    2.8243    2.8877    2.9512

  Columns 14 through 16

    3.0147    3.0781    3.1416

b3=a2(end/2:2:end)

b3 =

  Columns 1 through 13

    1.8723    1.9357    1.9992    2.0627    2.1261    2.1896    2.2531    2.3165    2.3800    2.4435    2.5069    2.5704    2.6339

  Columns 14 through 21

    2.6973    2.7608    2.8243    2.8877    2.9512    3.0147    3.0781    3.1416

length(b3)

ans =

    21

ve1=[25 18 -4 17 19 57 51]

ve1 =

    25    18    -4    17    19    57    51

ve1(6)

ans =

    57

ve1(5)=245

ve1 =

    25    18    -4    17   245    57    51

ve1

