E1=zeros(1,7)

E1 =

     0     0     0     0     0     0     0

E10=zeros(9,1)

E10 =

     0
     0
     0
     0
     0
     0
     0
     0
     0

E1=ones(1,9)

E1 =

     1     1     1     1     1     1     1     1     1

e3=7*ones(1,8)

e3 =

     7     7     7     7     7     7     7     7

D1=[1 4 8 2 0 3 -2 10 9]

D1 =

     1     4     8     2     0     3    -2    10     9

D1>4

ans =

     0     0     1     0     0     0     0     1     1

D1(D1>4)

ans =

     8    10     9

find(D1>7)

ans =

     3     8     9

x=|:0.1:10;y=exp(-x).*cos(x);
??? x=|:0.1:10;y=exp(-x).*cos(x);
      |
{Error: Unexpected MATLAB operator.
} 
x=1:0.1:10;y=exp(-x).*cos(x);
plot(x,y)
plot(x,y)grid
??? plot(x,y)grid
             |
{Error: Unexpected MATLAB expression.
} 
plot(x,y),grid
clar all,clc
{??? Undefined function or method 'clar' for input arguments of type 'char'.
} 
clear all, clc
x=1:0.1:2; y=cos(x)./(1+sin(x));
[x' y']

ans =

    1.0000    0.2934
    1.1000    0.2398
    1.2000    0.1876
    1.3000    0.1362
    1.4000    0.0856
    1.5000    0.0354
    1.6000   -0.0146
    1.7000   -0.0647
    1.8000   -0.1151
    1.9000   -0.1661
    2.0000   -0.2180

clar all
{??? Undefined function or method 'clar' for input arguments of type 'char'.
} 
clear all
clc
a=(1:10)*0.15

a =

  Columns 1 through 8

    0.1500    0.3000    0.4500    0.6000    0.7500    0.9000    1.0500    1.2000

  Columns 9 through 10

    1.3500    1.5000

a([2,3,6])

ans =

    0.3000    0.4500    0.9000

(1:10).^2

ans =

     1     4     9    16    25    36    49    64    81   100

1:10^2

ans =

  Columns 1 through 14

     1     2     3     4     5     6     7     8     9    10    11    12    13    14

  Columns 15 through 28

    15    16    17    18    19    20    21    22    23    24    25    26    27    28

  Columns 29 through 42

    29    30    31    32    33    34    35    36    37    38    39    40    41    42

  Columns 43 through 56

    43    44    45    46    47    48    49    50    51    52    53    54    55    56

  Columns 57 through 70

    57    58    59    60    61    62    63    64    65    66    67    68    69    70

  Columns 71 through 84

    71    72    73    74    75    76    77    78    79    80    81    82    83    84

  Columns 85 through 98

    85    86    87    88    89    90    91    92    93    94    95    96    97    98

  Columns 99 through 100

    99   100

clc
1:10^2

ans =

  Columns 1 through 14

     1     2     3     4     5     6     7     8     9    10    11    12    13    14

  Columns 15 through 28

    15    16    17    18    19    20    21    22    23    24    25    26    27    28

  Columns 29 through 42

    29    30    31    32    33    34    35    36    37    38    39    40    41    42

  Columns 43 through 56

    43    44    45    46    47    48    49    50    51    52    53    54    55    56

  Columns 57 through 70

    57    58    59    60    61    62    63    64    65    66    67    68    69    70

  Columns 71 through 84

    71    72    73    74    75    76    77    78    79    80    81    82    83    84

  Columns 85 through 98

    85    86    87    88    89    90    91    92    93    94    95    96    97    98

  Columns 99 through 100

    99   100

1:10.^2

ans =

  Columns 1 through 14

     1     2     3     4     5     6     7     8     9    10    11    12    13    14

  Columns 15 through 28

    15    16    17    18    19    20    21    22    23    24    25    26    27    28

  Columns 29 through 42

    29    30    31    32    33    34    35    36    37    38    39    40    41    42

  Columns 43 through 56

    43    44    45    46    47    48    49    50    51    52    53    54    55    56

  Columns 57 through 70

    57    58    59    60    61    62    63    64    65    66    67    68    69    70

  Columns 71 through 84

    71    72    73    74    75    76    77    78    79    80    81    82    83    84

  Columns 85 through 98

    85    86    87    88    89    90    91    92    93    94    95    96    97    98

  Columns 99 through 100

    99   100

clc
2.^1:10

ans =

     2     3     4     5     6     7     8     9    10

2.^(1:10)

ans =

  Columns 1 through 7

           2           4           8          16          32          64         128

  Columns 8 through 10

         256         512        1024

clear all
clc
format lonf
{??? Error using ==> format
Unknown command option.
} 
format long
x=logspace(-1,-6,6)

x =

  Columns 1 through 4

   0.100000000000000   0.010000000000000   0.001000000000000   0.000100000000000

  Columns 5 through 6

   0.000010000000000   0.000001000000000

format long
x=logspace(-1,-6,6)

x =

  Columns 1 through 4

   0.100000000000000   0.010000000000000   0.001000000000000   0.000100000000000

  Columns 5 through 6

   0.000010000000000   0.000001000000000

x3=logspace(0,1,5)

x3 =

  Columns 1 through 4

   1.000000000000000   1.778279410038923   3.162277660168380   5.623413251903491

  Column 5

  10.000000000000000

clc
10^0.25

ans =

   1.778279410038923

10^0.5

ans =

   3.162277660168380

10^0.75

ans =

   5.623413251903491

10e3

ans =

       10000

10^3

ans =

        1000

10e3*5^2

ans =

      250000

clear all
clc
x=[1 5 2 8 9 0 1],

x =

     1     5     2     8     9     0     1

y=[5 2 2 6 0 0 2];
x>y

ans =

     0     1     0     1     1     0     0

y>x

ans =

     1     0     0     0     0     0     1

x==y

ans =

     0     0     1     0     0     1     0

x&y

ans =

     1     1     1     1     0     0     1

((x>y)|(y>x))

ans =

     1     1     0     1     1     0     1

x(y<5)

ans =

     5     2     9     0     1

clear all
clc
b'
{??? Undefined function or variable 'b'.
} 
2'

ans =

     2

clc
clear all
cla
cla
clc
clear all
cla
clc
clear all
clc
a=-1,b=2x=1,y=b'
??? a=-1,b=2x=1,y=b'
            |
{Error: Unexpected MATLAB expression.
} 
a=-1,b=2x=1,y='b'
??? a=-1,b=2x=1,y='b'
            |
{Error: Unexpected MATLAB expression.
} 
 a=-1,b=2x=1,y='b'clc
???  a=-1,b=2x=1,y='b'clc
             |
{Error: Unexpected MATLAB expression.
} 
clc
 a=-1,b=2,x=1,y='b'

a =

    -1


b =

     2


x =

     1


y =

b

a*b>0

ans =

     0

a*b>0 & b==2 & x>7|~(y>'d')

ans =

     1

clc
clear all
clc
v1=[1 0 6 08 9 0 -4]

v1 =

     1     0     6     8     9     0    -4

v=logical(v1)

v =

     1     0     1     1     1     0     1

A=[true true false false]

A =

     1     1     0     0

B=[true false true false]

B =

     1     0     1     0

A|B

ans =

     1     1     1     0

a&B
{??? Undefined function or variable 'a'.
} 
A&B

ans =

     1     0     0     0

clear all
clc
x=-6:8

x =

  Columns 1 through 14

    -6    -5    -4    -3    -2    -1     0     1     2     3     4     5     6     7

  Column 15

     8

negativos=x<0

negativos =

  Columns 1 through 14

     1     1     1     1     1     1     0     0     0     0     0     0     0     0

  Column 15

     0

x2=-16:-2

x2 =

  Columns 1 through 14

   -16   -15   -14   -13   -12   -11   -10    -9    -8    -7    -6    -5    -4    -3

  Column 15

    -2

all(x(:)<0)

ans =

     0

all(x2(:)<0)

ans =

     1

clear all
clc
N1=rand(1,5)

N1 =

  Columns 1 through 4

   0.814723686393179   0.905791937075619   0.126986816293506   0.913375856139019

  Column 5

   0.632359246225410

format short
clc
N1=rand(1,5)

N1 =

    0.0975    0.2785    0.5469    0.9575    0.9649

N1=round(N1*100)

N1 =

    10    28    55    96    96

n2=rand(6,1)

n2 =

    0.1576
    0.9706
    0.9572
    0.4854
    0.8003
    0.1419

N3=rand(3,2)

N3 =

    0.4218    0.9595
    0.9157    0.6557
    0.7922    0.0357

floor
{??? Error using ==> floor
Not enough input arguments.
} 
clear all
clc
a=[5 7 9 6 2 3 2 3 1]

a =

     5     7     9     6     2     3     2     3     1

a(1)=1

