E1=zeros(1,7)

E1 =

     0     0     0     0     0     0     0

E2=zeros(9,1)

E2 =

     0
     0
     0
     0
     0
     0
     0
     0
     0

B7=[1:2:6,-1:-2:-9]

B7 =

     1     3     5    -1    -3    -5    -7    -9

E3=ones(1,9)

E3 =

     1     1     1     1     1     1     1     1     1

E4=7*ones(1,8)

E4 =

     7     7     7     7     7     7     7     7

E5=[1:3
:15,7*ones(1,5)]
??? :15,7*ones(1,5)]
    |
{Error: Unexpected MATLAB operator.
} 
E5=[1:3:15,7*ONES(1,5)
E5=[1:3:15,7*ones(1,5)]
??? E5=[1:3:15,7*ones(1,5)]
      |
{Error: The expression to the left of the equals sign is not a valid target for an
assignment.
} 
E5=[1:3:15,7*ones(1,5)]

E5 =

     1     4     7    10    13     7     7     7     7     7

x
{??? Undefined function or variable 'x'.
} 

x
{??? Undefined function or variable 'x'.
} 
x=1:0.1:2;y=cos(x)./(1+sin(x));
[x'y']
??? [x'y']
       |
{Error: Unexpected MATLAB expression.
} 
x=1:0.1:2;y=cos(x)./(1+sin(x));
[x'y']
??? [x'y']
       |
{Error: Unexpected MATLAB expression.
} 
x=1:0.1:2;y=cos(x)./(1+sin(x));
[x' y']

ans =

    1.0000    0.2934
    1.1000    0.2398
    1.2000    0.1876
    1.3000    0.1362
    1.4000    0.0856
    1.5000    0.0354
    1.6000   -0.0146
    1.7000   -0.0647
    1.8000   -0.1151
    1.9000   -0.1661
    2.0000   -0.2180

x1=1.0:0.1:10,;y1=exp(-x1).*cos(x1);

x1 =

  Columns 1 through 8

    1.0000    1.1000    1.2000    1.3000    1.4000    1.5000    1.6000    1.7000

  Columns 9 through 16

    1.8000    1.9000    2.0000    2.1000    2.2000    2.3000    2.4000    2.5000

  Columns 17 through 24

    2.6000    2.7000    2.8000    2.9000    3.0000    3.1000    3.2000    3.3000

  Columns 25 through 32

    3.4000    3.5000    3.6000    3.7000    3.8000    3.9000    4.0000    4.1000

  Columns 33 through 40

    4.2000    4.3000    4.4000    4.5000    4.6000    4.7000    4.8000    4.9000

  Columns 41 through 48

    5.0000    5.1000    5.2000    5.3000    5.4000    5.5000    5.6000    5.7000

  Columns 49 through 56

    5.8000    5.9000    6.0000    6.1000    6.2000    6.3000    6.4000    6.5000

  Columns 57 through 64

    6.6000    6.7000    6.8000    6.9000    7.0000    7.1000    7.2000    7.3000

  Columns 65 through 72

    7.4000    7.5000    7.6000    7.7000    7.8000    7.9000    8.0000    8.1000

  Columns 73 through 80

    8.2000    8.3000    8.4000    8.5000    8.6000    8.7000    8.8000    8.9000

  Columns 81 through 88

    9.0000    9.1000    9.2000    9.3000    9.4000    9.5000    9.6000    9.7000

  Columns 89 through 91

    9.8000    9.9000   10.0000

plot(x1,y1), grid
%otras manipulaciones vectoriales
a=(1:10)*0.15

a =

  Columns 1 through 8

    0.1500    0.3000    0.4500    0.6000    0.7500    0.9000    1.0500    1.2000

  Columns 9 through 10

    1.3500    1.5000

a([2,3,6])

ans =

    0.3000    0.4500    0.9000

(1:10).^2

ans =

     1     4     9    16    25    36    49    64    81   100

1:10.^2

ans =

  Columns 1 through 14

     1     2     3     4     5     6     7     8     9    10    11    12    13    14

  Columns 15 through 28

    15    16    17    18    19    20    21    22    23    24    25    26    27    28

  Columns 29 through 42

    29    30    31    32    33    34    35    36    37    38    39    40    41    42

  Columns 43 through 56

    43    44    45    46    47    48    49    50    51    52    53    54    55    56

  Columns 57 through 70

    57    58    59    60    61    62    63    64    65    66    67    68    69    70

  Columns 71 through 84

    71    72    73    74    75    76    77    78    79    80    81    82    83    84

  Columns 85 through 98

    85    86    87    88    89    90    91    92    93    94    95    96    97    98

  Columns 99 through 100

    99   100

1:10^2

ans =

  Columns 1 through 14

     1     2     3     4     5     6     7     8     9    10    11    12    13    14

  Columns 15 through 28

    15    16    17    18    19    20    21    22    23    24    25    26    27    28

  Columns 29 through 42

    29    30    31    32    33    34    35    36    37    38    39    40    41    42

  Columns 43 through 56

    43    44    45    46    47    48    49    50    51    52    53    54    55    56

  Columns 57 through 70

    57    58    59    60    61    62    63    64    65    66    67    68    69    70

  Columns 71 through 84

    71    72    73    74    75    76    77    78    79    80    81    82    83    84

  Columns 85 through 98

    85    86    87    88    89    90    91    92    93    94    95    96    97    98

  Columns 99 through 100

    99   100

2.^1:10

ans =

     2     3     4     5     6     7     8     9    10

2.^(1:10)

ans =

  Columns 1 through 7

           2           4           8          16          32          64         128

  Columns 8 through 10

         256         512        1024

clear all,clc 
x=[1 5 2 8 9 0 1];y=[5 2 2 6 0 0 2];
x>y

ans =

     0     1     0     1     1     0     0

y>x

ans =

     1     0     0     0     0     0     1

x==y

ans =

     0     0     1     0     0     1     0

%operaciones booleanas & and, | or, etc 
x|y

ans =

     1     1     1     1     1     0     1

x&y

ans =

     1     1     1     1     0     0     1

x&Ny
{??? Undefined function or variable 'Ny'.
} 
x&~y

ans =

     0     0     0     0     1     0     0

%~tilde=~ diferente de
((x>y)|(y>x))

ans =

     1     1     0     1     1     0     1

x(y<5)

ans =

     5     2     9     0     1

A=[2 5 8 1 3 4 7 6]

A =

     2     5     8     1     3     4     7     6

impar=1:2:length(a)
{??? Undefined function or variable 'a'.
} 
impar=1:2:lenght(A)
{??? Undefined function or method 'lenght' for input arguments of type 'double'.
} 
impar=1:2:length(A)

impar =

     1     3     5     7

A(impar)

ans =

     2     8     3     7

B(impar)=A(2:2:end)

B =

     5     0     1     0     4     0     6

B(2:2:end)=88

B =

     5    88     1    88     4    88     6

clear all
a=-1;b=2;x=1;y='b'

y =

b

a*b>0 & b==2 & x>7 | ~(y>'d')

ans =

     1

%-1*2>0 & 2==2 & 1>7 | ~('b'>'d')
%-2>0 & 2==2 & 1>7 | ~('b'>'d')
% f   &   v  &  f  | ~f
%     f      &  f  | ~f
%         f        | ~v
%                v
clear all, clc
C=[3 7 2 7 9 3 4 1 16]

C =

     3     7     2     7     9     3     4     1    16

C1=mod(c,2)==0
{??? Undefined function or variable 'c'.
} 
C1=mod(C,2)==0

C1 =

     0     0     1     0     0     0     1     0     1

rem(16,2)==0

ans =

     1

clear all, clc
E1=[1 4 8 2 0];
E1>4

ans =

     0     0     1     0     0

find(E1>4)

ans =

     3

E2=E1>=4

E2 =

     0     1     1     0     0

E1(E2)

ans =

     4     8

F4=E1==8

F4 =

     0     0     1     0     0

E1

E1 =

     1     4     8     2     0

clear all, clc
B=[0 6 9 3 2]

B =

     0     6     9     3     2

A=[1 5 8 4 3]

A =

     1     5     8     4     3

C=[1 7 3]

C =

     1     7     3

A>C
{??? Error using ==> gt
Matrix dimensions must agree.
} 
A>C(1)

ans =

     0     1     1     1     1

A>C(2)

ans =

     0     0     1     0     0

D=6

D =

     6

A>D

ans =

     0     0     1     0     0

clear all, clc
x=-6:8

x =

  Columns 1 through 14

    -6    -5    -4    -3    -2    -1     0     1     2     3     4     5     6     7

  Column 15

     8

negativos=x<0

negativos =

  Columns 1 through 14

     1     1     1     1     1     1     0     0     0     0     0     0     0     0

  Column 15

     0

all(x(:)<0)

ans =

     0

x2=-16:-2

x2 =

  Columns 1 through 14

   -16   -15   -14   -13   -12   -11   -10    -9    -8    -7    -6    -5    -4    -3

  Column 15

    -2

all(x2(:)<0)

ans =

     1

clear all, clc
vec=[4 5 2 8 4 7 2 64 2]

vec =

     4     5     2     8     4     7     2    64     2

ab=find (vec~=2]
??? ab=find (vec~=2]
                   |
{Error: Unbalanced or unexpected parenthesis or bracket.
} 
ab=find(vec~=2)

ab =

     1     2     4     5     6     8

vecA=vec(ab)

